time,x,y,z,phi,theta,psi,x_velocity,y_velocity,z_velocity,phi_velocity,theta_velocity,psi_velocity,rotor_speed1,rotor_speed2,rotor_speed3,rotor_speed4,rewards
0.06,0.0,0.0,50.0768627117,0.0,0.0,0.0,0.0,0.0,1.56150340662,0.0,0.0,0.0,1.0,1.0,800.0,800.0,299.987985376
0.12000000000000001,0.0,0.0,50.187277656,0.0,0.0,0.0,0.0,0.0,2.11814123192,0.0,0.0,0.0,1.0,1.0,800.0,800.0,299.9879556
0.18,0.0,0.0,50.3308996424,0.0,0.0,0.0,0.0,0.0,2.66814892674,0.0,0.0,0.0,1.0,1.0,800.0,800.0,299.987915826
0.23999999999999996,0.0,0.0,50.5072799875,0.0,0.0,0.0,0.0,0.0,3.20984437918,0.0,0.0,0.0,1.0,1.0,800.0,800.0,299.987866176
0.3,0.0,0.0,50.7158720644,0.0,0.0,0.0,0.0,0.0,3.74164766876,0.0,0.0,0.0,1.0,1.0,800.0,800.0,299.987806807
0.36000000000000004,0.0,0.0,50.9560379609,0.0,0.0,0.0,0.0,0.0,4.26209818314,0.0,0.0,0.0,1.0,1.0,800.0,800.0,299.987737899
0.4200000000000001,0.0,0.0,51.2270560751,0.0,0.0,0.0,0.0,0.0,4.76986874414,0.0,0.0,0.0,1.0,1.0,800.0,800.0,299.987659662
0.48000000000000015,0.0,0.0,51.5281294635,0.0,0.0,0.0,0.0,0.0,5.2637765152,0.0,0.0,0.0,1.0,1.0,800.0,800.0,299.987572327
0.5400000000000001,0.0,0.0,51.8583947442,0.0,0.0,0.0,0.0,0.0,5.74279059009,0.0,0.0,0.0,1.0,1.0,800.0,800.0,299.987476147
0.6000000000000002,0.0,0.0,52.2169313555,0.0,0.0,0.0,0.0,0.0,6.20603628567,0.0,0.0,0.0,1.0,1.0,800.0,800.0,299.987371392
0.6600000000000003,0.0,0.0,52.6027709771,0.0,0.0,0.0,0.0,0.0,6.65279627309,0.0,0.0,0.0,1.0,1.0,800.0,800.0,299.987258348
0.7200000000000003,0.0,0.0,53.0149069297,0.0,0.0,0.0,0.0,0.0,7.08250877706,0.0,0.0,0.0,1.0,1.0,800.0,800.0,299.987137314
0.7800000000000004,0.0,0.0,53.4523033864,0.0,0.0,0.0,0.0,0.0,7.49476314879,0.0,0.0,0.0,1.0,1.0,800.0,800.0,299.987008598
0.8400000000000004,0.0,0.0,53.9139042485,0.0,0.0,0.0,0.0,0.0,7.88929317238,0.0,0.0,0.0,1.0,1.0,800.0,800.0,299.986872515
0.9000000000000005,0.0,0.0,54.3986415622,0.0,0.0,0.0,0.0,0.0,8.26596851609,0.0,0.0,0.0,1.0,1.0,800.0,800.0,299.986729383
0.9600000000000005,0.0,0.0,54.9054433789,0.0,0.0,0.0,0.0,0.0,8.62478475697,0.0,0.0,0.0,1.0,1.0,800.0,800.0,299.986579526
1.0200000000000005,0.0,0.0,55.4332409749,0.0,0.0,0.0,0.0,0.0,8.96585210719,0.0,0.0,0.0,1.0,1.0,800.0,800.0,299.986423262
1.0800000000000005,0.0,0.0,55.9809753802,0.0,0.0,0.0,0.0,0.0,9.28938370351,0.0,0.0,0.0,1.0,1.0,800.0,800.0,299.986260912
1.1400000000000006,0.0,0.0,56.5476031915,0.0,0.0,0.0,0.0,0.0,9.59568349224,0.0,0.0,0.0,1.0,1.0,800.0,800.0,299.98609279
1.2000000000000006,0.0,0.0,57.1321016554,0.0,0.0,0.0,0.0,0.0,9.88513407189,0.0,0.0,0.0,1.0,1.0,800.0,800.0,299.985919205
1.2600000000000007,0.0,0.0,57.7334730286,0.0,0.0,0.0,0.0,0.0,10.1581847702,0.0,0.0,0.0,1.0,1.0,800.0,800.0,299.985740459
1.3200000000000007,0.0,0.0,58.3507482349,0.0,0.0,0.0,0.0,0.0,10.415340173,0.0,0.0,0.0,1.0,1.0,800.0,800.0,299.985556846
1.3800000000000008,0.0,0.0,58.9829898522,0.0,0.0,0.0,0.0,0.0,10.657149276,0.0,0.0,0.0,1.0,1.0,800.0,800.0,299.98536865
1.4400000000000008,0.0,0.0,59.6292944705,0.0,0.0,0.0,0.0,0.0,10.8841953856,0.0,0.0,0.0,1.0,1.0,800.0,800.0,299.985176145
1.5000000000000009,0.0,0.0,60.2887944688,0.0,0.0,0.0,0.0,0.0,11.0970868564,0.0,0.0,0.0,1.0,1.0,800.0,800.0,299.984979596
1.560000000000001,0.0,0.0,60.9606592628,0.0,0.0,0.0,0.0,0.0,11.2964487152,0.0,0.0,0.0,1.0,1.0,800.0,800.0,299.984779255
1.620000000000001,0.0,0.0,61.6440960773,0.0,0.0,0.0,0.0,0.0,11.4829151912,0.0,0.0,0.0,1.0,1.0,800.0,800.0,299.984575363
1.680000000000001,0.0,0.0,62.3383502967,0.0,0.0,0.0,0.0,0.0,11.6571231493,0.0,0.0,0.0,1.0,1.0,800.0,800.0,299.984368153
1.740000000000001,0.0,0.0,63.0427054493,0.0,0.0,0.0,0.0,0.0,11.8197063973,0.0,0.0,0.0,1.0,1.0,800.0,800.0,299.984157841
1.8000000000000012,0.0,0.0,63.7564828741,0.0,0.0,0.0,0.0,0.0,11.9712908294,0.0,0.0,0.0,1.0,1.0,800.0,800.0,299.983944635
1.8600000000000012,0.0,0.0,64.4790411207,0.0,0.0,0.0,0.0,0.0,12.1124903508,0.0,0.0,0.0,1.0,1.0,800.0,800.0,299.983728732
1.9200000000000013,0.0,0.0,65.209775126,0.0,0.0,0.0,0.0,0.0,12.2439035248,0.0,0.0,0.0,1.0,1.0,800.0,800.0,299.983510316
1.9800000000000013,0.0,0.0,65.9481152102,0.0,0.0,0.0,0.0,0.0,12.366110877,0.0,0.0,0.0,1.0,1.0,800.0,800.0,299.983289562
2.0400000000000014,0.0,0.0,66.6935259289,0.0,0.0,0.0,0.0,0.0,12.4796727919,0.0,0.0,0.0,1.0,1.0,800.0,800.0,299.983066635
2.1000000000000014,0.0,0.0,67.4455048154,0.0,0.0,0.0,0.0,0.0,12.5851279337,0.0,0.0,0.0,1.0,1.0,800.0,800.0,299.982841687
2.1600000000000015,0.0,0.0,68.2035810413,0.0,0.0,0.0,0.0,0.0,12.6829921298,0.0,0.0,0.0,1.0,1.0,800.0,800.0,299.982614864
2.2200000000000015,0.0,0.0,68.9673140239,0.0,0.0,0.0,0.0,0.0,12.7737576541,0.0,0.0,0.0,1.0,1.0,800.0,800.0,299.9823863
2.2800000000000016,0.0,0.0,69.7362920001,0.0,0.0,0.0,0.0,0.0,12.8578928548,0.0,0.0,0.0,1.0,1.0,800.0,800.0,299.982156122
2.3400000000000016,0.0,0.0,70.5101305873,0.0,0.0,0.0,0.0,0.0,12.9358420731,0.0,0.0,0.0,1.0,1.0,800.0,800.0,299.981924449
2.4000000000000017,0.0,0.0,71.2884713466,0.0,0.0,0.0,0.0,0.0,13.0080258051,0.0,0.0,0.0,1.0,1.0,800.0,800.0,299.981691389
2.4600000000000017,0.0,0.0,72.0709803627,0.0,0.0,0.0,0.0,0.0,13.0748410653,0.0,0.0,0.0,1.0,1.0,800.0,800.0,299.981457046
2.520000000000002,0.0,0.0,72.8573468497,0.0,0.0,0.0,0.0,0.0,13.1366619109,0.0,0.0,0.0,1.0,1.0,800.0,800.0,299.981221515
2.580000000000002,0.0,0.0,73.6472817927,0.0,0.0,0.0,0.0,0.0,13.1938400956,0.0,0.0,0.0,1.0,1.0,800.0,800.0,299.980984885
2.640000000000002,0.0,0.0,74.4405166323,0.0,0.0,0.0,0.0,0.0,13.2467058223,0.0,0.0,0.0,1.0,1.0,800.0,800.0,299.980747239
2.700000000000002,0.0,0.0,75.2368019955,0.0,0.0,0.0,0.0,0.0,13.2955685693,0.0,0.0,0.0,1.0,1.0,800.0,800.0,299.980508653
2.760000000000002,0.0,0.0,76.0359064786,0.0,0.0,0.0,0.0,0.0,13.3407179679,0.0,0.0,0.0,1.0,1.0,800.0,800.0,299.980269199
2.820000000000002,0.0,0.0,76.8376154838,0.0,0.0,0.0,0.0,0.0,13.3824247142,0.0,0.0,0.0,1.0,1.0,800.0,800.0,299.980028942
2.880000000000002,0.0,0.0,77.6417301105,0.0,0.0,0.0,0.0,0.0,13.420941498,0.0,0.0,0.0,1.0,1.0,800.0,800.0,299.979787944
2.940000000000002,0.0,0.0,78.4480661033,0.0,0.0,0.0,0.0,0.0,13.4565039365,0.0,0.0,0.0,1.0,1.0,800.0,800.0,299.979546261
3.000000000000002,0.0,0.0,79.2564528555,0.0,0.0,0.0,0.0,0.0,13.489331503,0.0,0.0,0.0,1.0,1.0,800.0,800.0,299.979303947
3.0600000000000023,0.0,0.0,80.0667324676,0.0,0.0,0.0,0.0,0.0,13.5196284406,0.0,0.0,0.0,1.0,1.0,800.0,800.0,299.979061049
3.1200000000000023,0.0,0.0,80.8787588608,0.0,0.0,0.0,0.0,0.0,13.5475846553,0.0,0.0,0.0,1.0,1.0,800.0,800.0,299.978817612
3.1800000000000024,0.0,0.0,81.692396943,0.0,0.0,0.0,0.0,0.0,13.573376583,0.0,0.0,0.0,1.0,1.0,800.0,800.0,299.978573679
3.2400000000000024,0.0,0.0,82.5075218251,0.0,0.0,0.0,0.0,0.0,13.5971680253,0.0,0.0,0.0,1.0,1.0,800.0,800.0,299.978329288
3.3000000000000025,0.0,0.0,83.3240180882,0.0,0.0,0.0,0.0,0.0,13.6191109537,0.0,0.0,0.0,1.0,1.0,800.0,800.0,299.978084473
3.3600000000000025,0.0,0.0,84.1417790961,0.0,0.0,0.0,0.0,0.0,13.6393462767,0.0,0.0,0.0,1.0,1.0,800.0,800.0,299.977839269
3.4200000000000026,0.0,0.0,84.9607063541,0.0,0.0,0.0,0.0,0.0,13.6580045724,0.0,0.0,0.0,1.0,1.0,800.0,800.0,299.977593706
3.4800000000000026,0.0,0.0,85.7807089104,0.0,0.0,0.0,0.0,0.0,13.675206783,0.0,0.0,0.0,1.0,1.0,800.0,800.0,299.977347811
3.5400000000000027,0.0,0.0,86.601702797,0.0,0.0,0.0,0.0,0.0,13.6910648727,0.0,0.0,0.0,1.0,1.0,800.0,800.0,299.97710161
3.6000000000000028,0.0,0.0,87.4236105109,0.0,0.0,0.0,0.0,0.0,13.705682449,0.0,0.0,0.0,1.0,1.0,800.0,800.0,299.976855127
3.660000000000003,0.0,0.0,88.2463605297,0.0,0.0,0.0,0.0,0.0,13.7191553478,0.0,0.0,0.0,1.0,1.0,800.0,800.0,299.976608385
3.720000000000003,0.0,0.0,89.0698868619,0.0,0.0,0.0,0.0,0.0,13.7315721839,0.0,0.0,0.0,1.0,1.0,800.0,800.0,299.976361403
3.780000000000003,0.0,0.0,89.8941286299,0.0,0.0,0.0,0.0,0.0,13.7430148669,0.0,0.0,0.0,1.0,1.0,800.0,800.0,299.976114201
3.840000000000003,0.0,0.0,90.7190296816,0.0,0.0,0.0,0.0,0.0,13.7535590853,0.0,0.0,0.0,1.0,1.0,800.0,800.0,299.975866795
3.900000000000003,0.0,0.0,91.5445382317,0.0,0.0,0.0,0.0,0.0,13.763274759,0.0,0.0,0.0,1.0,1.0,800.0,800.0,299.975619202
3.960000000000003,0.0,0.0,92.3706065273,0.0,0.0,0.0,0.0,0.0,13.7722264613,0.0,0.0,0.0,1.0,1.0,800.0,800.0,299.975371437
4.020000000000002,0.0,0.0,93.1971905401,0.0,0.0,0.0,0.0,0.0,13.780473814,0.0,0.0,0.0,1.0,1.0,800.0,800.0,299.975123512
4.080000000000001,0.0,0.0,94.0242496797,0.0,0.0,0.0,0.0,0.0,13.7880718544,0.0,0.0,0.0,1.0,1.0,800.0,800.0,299.974875441
4.14,0.0,0.0,94.8517465295,0.0,0.0,0.0,0.0,0.0,13.7950713774,0.0,0.0,0.0,1.0,1.0,800.0,800.0,299.974627235
4.199999999999998,0.0,0.0,95.6796466012,0.0,0.0,0.0,0.0,0.0,13.8015192537,0.0,0.0,0.0,1.0,1.0,800.0,800.0,299.974378905
4.259999999999997,0.0,0.0,96.5079181089,0.0,0.0,0.0,0.0,0.0,13.8074587255,0.0,0.0,0.0,1.0,1.0,800.0,800.0,299.97413046
4.319999999999996,0.0,0.0,97.3365317592,0.0,0.0,0.0,0.0,0.0,13.8129296807,0.0,0.0,0.0,1.0,1.0,800.0,800.0,299.973881909
4.379999999999995,0.0,0.0,98.165460558,0.0,0.0,0.0,0.0,0.0,13.8179689083,0.0,0.0,0.0,1.0,1.0,800.0,800.0,299.973633261
4.439999999999993,0.0,0.0,98.9946796316,0.0,0.0,0.0,0.0,0.0,13.8226103339,0.0,0.0,0.0,1.0,1.0,800.0,800.0,299.973384524
4.499999999999992,0.0,0.0,99.8241660618,0.0,0.0,0.0,0.0,0.0,13.826885239,0.0,0.0,0.0,1.0,1.0,800.0,800.0,299.973135705
4.559999999999991,0.0,0.0,100.653898733,0.0,0.0,0.0,0.0,0.0,13.8308224639,0.0,0.0,0.0,1.0,1.0,800.0,800.0,299.972886809
4.6199999999999894,0.0,0.0,101.483858191,0.0,0.0,0.0,0.0,0.0,13.8344485949,0.0,0.0,0.0,1.0,1.0,800.0,800.0,299.972637843
4.679999999999988,0.0,0.0,102.314026515,0.0,0.0,0.0,0.0,0.0,13.8377881386,0.0,0.0,0.0,1.0,1.0,800.0,800.0,299.972388813
4.739999999999987,0.0,0.0,103.144387195,0.0,0.0,0.0,0.0,0.0,13.8408636822,0.0,0.0,0.0,1.0,1.0,800.0,800.0,299.972139724
4.799999999999986,0.0,0.0,103.974925024,0.0,0.0,0.0,0.0,0.0,13.8436960425,0.0,0.0,0.0,1.0,1.0,800.0,800.0,299.97189058
4.859999999999984,0.0,0.0,104.805625992,0.0,0.0,0.0,0.0,0.0,13.8463044026,0.0,0.0,0.0,1.0,1.0,800.0,800.0,299.971641386
4.919999999999983,0.0,0.0,105.636477197,0.0,0.0,0.0,0.0,0.0,13.8487064397,0.0,0.0,0.0,1.0,1.0,800.0,800.0,299.971392145
4.979999999999982,0.0,0.0,106.467466754,0.0,0.0,0.0,0.0,0.0,13.8509184414,0.0,0.0,0.0,1.0,1.0,800.0,800.0,299.971142862
5.0399999999999805,0.0,0.0,107.298583716,0.0,0.0,0.0,0.0,0.0,13.8529554146,0.0,0.0,0.0,1.0,1.0,800.0,800.0,299.970893539
5.099999999999979,0.0,0.0,108.129818001,0.0,0.0,0.0,0.0,0.0,13.8548311856,0.0,0.0,0.0,1.0,1.0,800.0,800.0,299.970644181
5.159999999999978,0.0,0.0,108.961160325,0.0,0.0,0.0,0.0,0.0,13.8565584916,0.0,0.0,0.0,1.0,1.0,800.0,800.0,299.970394788
5.219999999999977,0.0,0.0,109.792602134,0.0,0.0,0.0,0.0,0.0,13.8581490667,0.0,0.0,0.0,1.0,1.0,800.0,800.0,299.970145366
5.279999999999975,0.0,0.0,110.624135555,0.0,0.0,0.0,0.0,0.0,13.85961372,0.0,0.0,0.0,1.0,1.0,800.0,800.0,299.969895915
5.339999999999974,0.0,0.0,111.455753333,0.0,0.0,0.0,0.0,0.0,13.8609624084,0.0,0.0,0.0,1.0,1.0,800.0,800.0,299.969646438
5.399999999999973,0.0,0.0,112.28744879,0.0,0.0,0.0,0.0,0.0,13.8622043032,0.0,0.0,0.0,1.0,1.0,800.0,800.0,299.969396937
5.4599999999999715,0.0,0.0,113.119215774,0.0,0.0,0.0,0.0,0.0,13.863347852,0.0,0.0,0.0,1.0,1.0,800.0,800.0,299.969147413
5.51999999999997,0.0,0.0,113.95104862,0.0,0.0,0.0,0.0,0.0,13.8644008355,0.0,0.0,0.0,1.0,1.0,800.0,800.0,299.96889787
5.579999999999969,0.0,0.0,114.782942114,0.0,0.0,0.0,0.0,0.0,13.8653704199,0.0,0.0,0.0,1.0,1.0,800.0,800.0,299.968648308
5.639999999999968,0.0,0.0,115.61489145,0.0,0.0,0.0,0.0,0.0,13.8662632053,0.0,0.0,0.0,1.0,1.0,800.0,800.0,299.968398729
5.699999999999966,0.0,0.0,116.446892205,0.0,0.0,0.0,0.0,0.0,13.8670852704,0.0,0.0,0.0,1.0,1.0,800.0,800.0,299.968149134
5.759999999999965,0.0,0.0,117.278940308,0.0,0.0,0.0,0.0,0.0,13.8678422133,0.0,0.0,0.0,1.0,1.0,800.0,800.0,299.967899524
5.819999999999964,0.0,0.0,118.111032005,0.0,0.0,0.0,0.0,0.0,13.8685391897,0.0,0.0,0.0,1.0,1.0,800.0,800.0,299.9676499
5.879999999999963,0.0,0.0,118.943163845,0.0,0.0,0.0,0.0,0.0,13.8691809474,0.0,0.0,0.0,1.0,1.0,800.0,800.0,299.967400265
5.939999999999961,0.0,0.0,119.775332646,0.0,0.0,0.0,0.0,0.0,13.8697718589,0.0,0.0,0.0,1.0,1.0,800.0,800.0,299.967150618
5.99999999999996,0.0,0.0,120.60753548,0.0,0.0,0.0,0.0,0.0,13.8703159508,0.0,0.0,0.0,1.0,1.0,800.0,800.0,299.96690096
6.059999999999959,0.0,0.0,121.43976965,0.0,0.0,0.0,0.0,0.0,13.870816931,0.0,0.0,0.0,1.0,1.0,800.0,800.0,299.966651293
6.1199999999999575,0.0,0.0,122.272032674,0.0,0.0,0.0,0.0,0.0,13.8712782141,0.0,0.0,0.0,1.0,1.0,800.0,800.0,299.966401617
6.179999999999956,0.0,0.0,123.104322264,0.0,0.0,0.0,0.0,0.0,13.8717029445,0.0,0.0,0.0,1.0,1.0,800.0,800.0,299.966151933
6.239999999999955,0.0,0.0,123.936636316,0.0,0.0,0.0,0.0,0.0,13.8720940177,0.0,0.0,0.0,1.0,1.0,800.0,800.0,299.965902241
6.299999999999954,0.0,0.0,124.768972892,0.0,0.0,0.0,0.0,0.0,13.8724540999,0.0,0.0,0.0,1.0,1.0,800.0,800.0,299.965652542
6.359999999999952,0.0,0.0,125.601330206,0.0,0.0,0.0,0.0,0.0,13.8727856462,0.0,0.0,0.0,1.0,1.0,800.0,800.0,299.965402837
6.419999999999951,0.0,0.0,126.433706615,0.0,0.0,0.0,0.0,0.0,13.8730909176,0.0,0.0,0.0,1.0,1.0,800.0,800.0,299.965153126
6.47999999999995,0.0,0.0,127.266100606,0.0,0.0,0.0,0.0,0.0,13.8733719957,0.0,0.0,0.0,1.0,1.0,800.0,800.0,299.96490341
6.5399999999999485,0.0,0.0,128.098510784,0.0,0.0,0.0,0.0,0.0,13.8736307975,0.0,0.0,0.0,1.0,1.0,800.0,800.0,299.964653688
6.599999999999947,0.0,0.0,128.930935868,0.0,0.0,0.0,0.0,0.0,13.873869088,0.0,0.0,0.0,1.0,1.0,800.0,800.0,299.964403962
6.659999999999946,0.0,0.0,129.763374676,0.0,0.0,0.0,0.0,0.0,13.8740884926,0.0,0.0,0.0,1.0,1.0,800.0,800.0,299.964154232
6.719999999999945,0.0,0.0,130.59582612,0.0,0.0,0.0,0.0,0.0,13.8742905078,0.0,0.0,0.0,1.0,1.0,800.0,800.0,299.963904498
6.779999999999943,0.0,0.0,131.428289199,0.0,0.0,0.0,0.0,0.0,13.8744765115,0.0,0.0,0.0,1.0,1.0,800.0,800.0,299.96365476
6.839999999999942,0.0,0.0,132.260762991,0.0,0.0,0.0,0.0,0.0,13.8746477728,0.0,0.0,0.0,1.0,1.0,800.0,800.0,299.963405019
6.899999999999941,0.0,0.0,133.093246645,0.0,0.0,0.0,0.0,0.0,13.8748054598,0.0,0.0,0.0,1.0,1.0,800.0,800.0,299.963155275
6.95999999999994,0.0,0.0,133.925739382,0.0,0.0,0.0,0.0,0.0,13.8749506483,0.0,0.0,0.0,1.0,1.0,800.0,800.0,299.962905528
7.019999999999938,0.0,0.0,134.75824048,0.0,0.0,0.0,0.0,0.0,13.8750843289,0.0,0.0,0.0,1.0,1.0,800.0,800.0,299.962655778
7.079999999999937,0.0,0.0,135.590749278,0.0,0.0,0.0,0.0,0.0,13.8752074135,0.0,0.0,0.0,1.0,1.0,800.0,800.0,299.962406026
7.139999999999936,0.0,0.0,136.423265164,0.0,0.0,0.0,0.0,0.0,13.8753207421,0.0,0.0,0.0,1.0,1.0,800.0,800.0,299.962156272
7.1999999999999345,0.0,0.0,137.255787577,0.0,0.0,0.0,0.0,0.0,13.8754250877,0.0,0.0,0.0,1.0,1.0,800.0,800.0,299.961906516
7.259999999999933,0.0,0.0,138.088316,0.0,0.0,0.0,0.0,0.0,13.8755211624,0.0,0.0,0.0,1.0,1.0,800.0,800.0,299.961656758
7.319999999999932,0.0,0.0,138.920849956,0.0,0.0,0.0,0.0,0.0,13.8756096218,0.0,0.0,0.0,1.0,1.0,800.0,800.0,299.961406999
7.379999999999931,0.0,0.0,139.753389007,0.0,0.0,0.0,0.0,0.0,13.8756910693,0.0,0.0,0.0,1.0,1.0,800.0,800.0,299.961157237
7.439999999999929,0.0,0.0,140.585932748,0.0,0.0,0.0,0.0,0.0,13.8757660608,0.0,0.0,0.0,1.0,1.0,800.0,800.0,299.960907475
7.499999999999928,0.0,0.0,141.418480808,0.0,0.0,0.0,0.0,0.0,13.8758351079,0.0,0.0,0.0,1.0,1.0,800.0,800.0,299.960657711
7.559999999999927,0.0,0.0,142.251032846,0.0,0.0,0.0,0.0,0.0,13.8758986819,0.0,0.0,0.0,1.0,1.0,800.0,800.0,299.960407945
7.6199999999999255,0.0,0.0,143.083588544,0.0,0.0,0.0,0.0,0.0,13.8759572166,0.0,0.0,0.0,1.0,1.0,800.0,800.0,299.960158179
7.679999999999924,0.0,0.0,143.916147614,0.0,0.0,0.0,0.0,0.0,13.8760111113,0.0,0.0,0.0,1.0,1.0,800.0,800.0,299.959908412
7.739999999999923,0.0,0.0,144.748709787,0.0,0.0,0.0,0.0,0.0,13.8760607339,0.0,0.0,0.0,1.0,1.0,800.0,800.0,299.959658643
7.799999999999922,0.0,0.0,145.581274819,0.0,0.0,0.0,0.0,0.0,13.876106423,0.0,0.0,0.0,1.0,1.0,800.0,800.0,299.959408874
7.85999999999992,0.0,0.0,146.413842481,0.0,0.0,0.0,0.0,0.0,13.8761484904,0.0,0.0,0.0,1.0,1.0,800.0,800.0,299.959159104
7.919999999999919,0.0,0.0,147.246412567,0.0,0.0,0.0,0.0,0.0,13.8761872232,0.0,0.0,0.0,1.0,1.0,800.0,800.0,299.958909333
7.979999999999918,0.0,0.0,148.078984883,0.0,0.0,0.0,0.0,0.0,13.8762228856,0.0,0.0,0.0,1.0,1.0,800.0,800.0,299.958659562
8.039999999999917,0.0,0.0,148.911559254,0.0,0.0,0.0,0.0,0.0,13.8762557211,0.0,0.0,0.0,1.0,1.0,800.0,800.0,299.95840979
8.099999999999916,0.0,0.0,149.744135515,0.0,0.0,0.0,0.0,0.0,13.8762859538,0.0,0.0,0.0,1.0,1.0,800.0,800.0,299.958160017
8.159999999999915,0.0,0.0,150.576713518,0.0,0.0,0.0,0.0,0.0,13.8763137899,0.0,0.0,0.0,1.0,1.0,800.0,800.0,299.957910244
8.219999999999914,0.0,0.0,151.409293123,0.0,0.0,0.0,0.0,0.0,13.8763394195,0.0,0.0,0.0,1.0,1.0,800.0,800.0,299.95766047
8.279999999999912,0.0,0.0,152.241874205,0.0,0.0,0.0,0.0,0.0,13.8763630174,0.0,0.0,0.0,1.0,1.0,800.0,800.0,299.957410696
8.339999999999911,0.0,0.0,153.074456646,0.0,0.0,0.0,0.0,0.0,13.8763847447,0.0,0.0,0.0,1.0,1.0,800.0,800.0,299.957160921
8.39999999999991,0.0,0.0,153.907040338,0.0,0.0,0.0,0.0,0.0,13.8764047497,0.0,0.0,0.0,1.0,1.0,800.0,800.0,299.956911146
8.459999999999908,0.0,0.0,154.739625182,0.0,0.0,0.0,0.0,0.0,13.8764231688,0.0,0.0,0.0,1.0,1.0,800.0,800.0,299.956661371
8.519999999999907,0.0,0.0,155.572211087,0.0,0.0,0.0,0.0,0.0,13.8764401279,0.0,0.0,0.0,1.0,1.0,800.0,800.0,299.956411595
8.579999999999906,0.0,0.0,156.404797969,0.0,0.0,0.0,0.0,0.0,13.8764557426,0.0,0.0,0.0,1.0,1.0,800.0,800.0,299.956161819
8.639999999999905,0.0,0.0,157.23738575,0.0,0.0,0.0,0.0,0.0,13.8764701196,0.0,0.0,0.0,1.0,1.0,800.0,800.0,299.955912043
8.699999999999903,0.0,0.0,158.06997436,0.0,0.0,0.0,0.0,0.0,13.8764833568,0.0,0.0,0.0,1.0,1.0,800.0,800.0,299.955662267
8.759999999999902,0.0,0.0,158.902563731,0.0,0.0,0.0,0.0,0.0,13.8764955448,0.0,0.0,0.0,1.0,1.0,800.0,800.0,299.95541249
8.8199999999999,0.0,0.0,159.735153805,0.0,0.0,0.0,0.0,0.0,13.8765067666,0.0,0.0,0.0,1.0,1.0,800.0,800.0,299.955162713
8.8799999999999,0.0,0.0,160.567744524,0.0,0.0,0.0,0.0,0.0,13.8765170988,0.0,0.0,0.0,1.0,1.0,800.0,800.0,299.954912936
8.939999999999898,0.0,0.0,161.400335839,0.0,0.0,0.0,0.0,0.0,13.876526612,0.0,0.0,0.0,1.0,1.0,800.0,800.0,299.954663158
8.999999999999897,0.0,0.0,162.232927702,0.0,0.0,0.0,0.0,0.0,13.8765353711,0.0,0.0,0.0,1.0,1.0,800.0,800.0,299.954413381
9.059999999999896,0.0,0.0,163.065520069,0.0,0.0,0.0,0.0,0.0,13.8765434358,0.0,0.0,0.0,1.0,1.0,800.0,800.0,299.954163603
9.119999999999894,0.0,0.0,163.898112901,0.0,0.0,0.0,0.0,0.0,13.8765508612,0.0,0.0,0.0,1.0,1.0,800.0,800.0,299.953913825
9.179999999999893,0.0,0.0,164.73070616,0.0,0.0,0.0,0.0,0.0,13.876557698,0.0,0.0,0.0,1.0,1.0,800.0,800.0,299.953664047
9.239999999999892,0.0,0.0,165.563299813,0.0,0.0,0.0,0.0,0.0,13.8765639929,0.0,0.0,0.0,1.0,1.0,800.0,800.0,299.953414269
9.29999999999989,0.0,0.0,166.395893829,0.0,0.0,0.0,0.0,0.0,13.8765697887,0.0,0.0,0.0,1.0,1.0,800.0,800.0,299.953164491
9.35999999999989,0.0,0.0,167.228488178,0.0,0.0,0.0,0.0,0.0,13.8765751251,0.0,0.0,0.0,1.0,1.0,800.0,800.0,299.952914713
9.419999999999888,0.0,0.0,168.061082835,0.0,0.0,0.0,0.0,0.0,13.8765800385,0.0,0.0,0.0,1.0,1.0,800.0,800.0,299.952664935
9.479999999999887,0.0,0.0,168.893677774,0.0,0.0,0.0,0.0,0.0,13.8765845624,0.0,0.0,0.0,1.0,1.0,800.0,800.0,299.952415156
9.539999999999885,0.0,0.0,169.726272975,0.0,0.0,0.0,0.0,0.0,13.8765887277,0.0,0.0,0.0,1.0,1.0,800.0,800.0,299.952165378
9.599999999999884,0.0,0.0,170.558868415,0.0,0.0,0.0,0.0,0.0,13.8765925627,0.0,0.0,0.0,1.0,1.0,800.0,800.0,299.951915599
9.659999999999883,0.0,0.0,171.391464076,0.0,0.0,0.0,0.0,0.0,13.8765960938,0.0,0.0,0.0,1.0,1.0,800.0,800.0,299.95166582
9.719999999999882,0.0,0.0,172.22405994,0.0,0.0,0.0,0.0,0.0,13.876599345,0.0,0.0,0.0,1.0,1.0,800.0,800.0,299.951416042
9.77999999999988,0.0,0.0,173.056655992,0.0,0.0,0.0,0.0,0.0,13.8766023384,0.0,0.0,0.0,1.0,1.0,800.0,800.0,299.951166263
9.839999999999879,0.0,0.0,173.889252216,0.0,0.0,0.0,0.0,0.0,13.8766050946,0.0,0.0,0.0,1.0,1.0,800.0,800.0,299.950916484
9.899999999999878,0.0,0.0,174.721848598,0.0,0.0,0.0,0.0,0.0,13.8766076322,0.0,0.0,0.0,1.0,1.0,800.0,800.0,299.950666705
9.959999999999877,0.0,0.0,175.554445127,0.0,0.0,0.0,0.0,0.0,13.8766099687,0.0,0.0,0.0,1.0,1.0,800.0,800.0,299.950416926
10.019999999999875,0.0,0.0,176.387041791,0.0,0.0,0.0,0.0,0.0,13.87661212,0.0,0.0,0.0,1.0,1.0,800.0,800.0,299.950167147
10.079999999999874,0.0,0.0,177.219638578,0.0,0.0,0.0,0.0,0.0,13.8766141007,0.0,0.0,0.0,1.0,1.0,800.0,800.0,299.949917368
10.139999999999873,0.0,0.0,178.052235479,0.0,0.0,0.0,0.0,0.0,13.8766159245,0.0,0.0,0.0,1.0,1.0,800.0,800.0,299.949667589
10.199999999999871,0.0,0.0,178.884832486,0.0,0.0,0.0,0.0,0.0,13.8766176036,0.0,0.0,0.0,1.0,1.0,800.0,800.0,299.94941781
10.25999999999987,0.0,0.0,179.717429589,0.0,0.0,0.0,0.0,0.0,13.8766191497,0.0,0.0,0.0,1.0,1.0,800.0,800.0,299.949168031
10.319999999999869,0.0,0.0,180.550026781,0.0,0.0,0.0,0.0,0.0,13.8766205732,0.0,0.0,0.0,1.0,1.0,800.0,800.0,299.948918252
10.379999999999868,0.0,0.0,181.382624055,0.0,0.0,0.0,0.0,0.0,13.8766218838,0.0,0.0,0.0,1.0,1.0,800.0,800.0,299.948668473
10.439999999999866,0.0,0.0,182.215221405,0.0,0.0,0.0,0.0,0.0,13.8766230906,0.0,0.0,0.0,1.0,1.0,800.0,800.0,299.948418693
10.499999999999865,0.0,0.0,183.047818824,0.0,0.0,0.0,0.0,0.0,13.8766242016,0.0,0.0,0.0,1.0,1.0,800.0,800.0,299.948168914
10.559999999999864,0.0,0.0,183.880416307,0.0,0.0,0.0,0.0,0.0,13.8766252247,0.0,0.0,0.0,1.0,1.0,800.0,800.0,299.947919135
10.619999999999862,0.0,0.0,184.71301385,0.0,0.0,0.0,0.0,0.0,13.8766261666,0.0,0.0,0.0,1.0,1.0,800.0,800.0,299.947669356
10.679999999999861,0.0,0.0,185.545611446,0.0,0.0,0.0,0.0,0.0,13.8766270338,0.0,0.0,0.0,1.0,1.0,800.0,800.0,299.947419576
10.73999999999986,0.0,0.0,186.378209092,0.0,0.0,0.0,0.0,0.0,13.8766278323,0.0,0.0,0.0,1.0,1.0,800.0,800.0,299.947169797
10.799999999999859,0.0,0.0,187.210806784,0.0,0.0,0.0,0.0,0.0,13.8766285675,0.0,0.0,0.0,1.0,1.0,800.0,800.0,299.946920018
10.859999999999857,0.0,0.0,188.043404519,0.0,0.0,0.0,0.0,0.0,13.8766292444,0.0,0.0,0.0,1.0,1.0,800.0,800.0,299.946670238
10.919999999999856,0.0,0.0,188.876002293,0.0,0.0,0.0,0.0,0.0,13.8766298677,0.0,0.0,0.0,1.0,1.0,800.0,800.0,299.946420459
10.979999999999855,0.0,0.0,189.708600102,0.0,0.0,0.0,0.0,0.0,13.8766304416,0.0,0.0,0.0,1.0,1.0,800.0,800.0,299.94617068
11.039999999999853,0.0,0.0,190.541197945,0.0,0.0,0.0,0.0,0.0,13.8766309699,0.0,0.0,0.0,1.0,1.0,800.0,800.0,299.9459209
11.099999999999852,0.0,0.0,191.373795818,0.0,0.0,0.0,0.0,0.0,13.8766314564,0.0,0.0,0.0,1.0,1.0,800.0,800.0,299.945671121
11.159999999999851,0.0,0.0,192.206393719,0.0,0.0,0.0,0.0,0.0,13.8766319043,0.0,0.0,0.0,1.0,1.0,800.0,800.0,299.945421342
11.21999999999985,0.0,0.0,193.038991645,0.0,0.0,0.0,0.0,0.0,13.8766323167,0.0,0.0,0.0,1.0,1.0,800.0,800.0,299.945171562
11.279999999999848,0.0,0.0,193.871589596,0.0,0.0,0.0,0.0,0.0,13.8766326965,0.0,0.0,0.0,1.0,1.0,800.0,800.0,299.944921783
11.339999999999847,0.0,0.0,194.704187568,0.0,0.0,0.0,0.0,0.0,13.8766330461,0.0,0.0,0.0,1.0,1.0,800.0,800.0,299.944672004
11.399999999999846,0.0,0.0,195.536785561,0.0,0.0,0.0,0.0,0.0,13.876633368,0.0,0.0,0.0,1.0,1.0,800.0,800.0,299.944422224
11.459999999999845,0.0,0.0,196.369383572,0.0,0.0,0.0,0.0,0.0,13.8766336644,0.0,0.0,0.0,1.0,1.0,800.0,800.0,299.944172445
11.519999999999843,0.0,0.0,197.2019816,0.0,0.0,0.0,0.0,0.0,13.8766339372,0.0,0.0,0.0,1.0,1.0,800.0,800.0,299.943922665
11.579999999999842,0.0,0.0,198.034579644,0.0,0.0,0.0,0.0,0.0,13.8766341885,0.0,0.0,0.0,1.0,1.0,800.0,800.0,299.943672886
11.63999999999984,0.0,0.0,198.867177702,0.0,0.0,0.0,0.0,0.0,13.8766344198,0.0,0.0,0.0,1.0,1.0,800.0,800.0,299.943423106
11.69999999999984,0.0,0.0,199.699775774,0.0,0.0,0.0,0.0,0.0,13.8766346328,0.0,0.0,0.0,1.0,1.0,800.0,800.0,299.943173327
11.759999999999838,0.0,0.0,200.532373858,0.0,0.0,0.0,0.0,0.0,13.876634829,0.0,0.0,0.0,1.0,1.0,800.0,800.0,299.942923548
11.819999999999837,0.0,0.0,201.364971953,0.0,0.0,0.0,0.0,0.0,13.8766350095,0.0,0.0,0.0,1.0,1.0,800.0,800.0,299.942673768
11.879999999999836,0.0,0.0,202.197570059,0.0,0.0,0.0,0.0,0.0,13.8766351758,0.0,0.0,0.0,1.0,1.0,800.0,800.0,299.942423989
11.939999999999834,0.0,0.0,203.030168174,0.0,0.0,0.0,0.0,0.0,13.8766353289,0.0,0.0,0.0,1.0,1.0,800.0,800.0,299.942174209
11.999999999999833,0.0,0.0,203.862766298,0.0,0.0,0.0,0.0,0.0,13.8766354698,0.0,0.0,0.0,1.0,1.0,800.0,800.0,299.94192443
12.059999999999832,0.0,0.0,204.69536443,0.0,0.0,0.0,0.0,0.0,13.8766355996,0.0,0.0,0.0,1.0,1.0,800.0,800.0,299.94167465
12.11999999999983,0.0,0.0,205.52796257,0.0,0.0,0.0,0.0,0.0,13.876635719,0.0,0.0,0.0,1.0,1.0,800.0,800.0,299.941424871
12.17999999999983,0.0,0.0,206.360560716,0.0,0.0,0.0,0.0,0.0,13.8766358291,0.0,0.0,0.0,1.0,1.0,800.0,800.0,299.941175092
12.239999999999828,0.0,0.0,207.193158869,0.0,0.0,0.0,0.0,0.0,13.8766359303,0.0,0.0,0.0,1.0,1.0,800.0,800.0,299.940925312
12.299999999999827,0.0,0.0,208.025757028,0.0,0.0,0.0,0.0,0.0,13.8766360236,0.0,0.0,0.0,1.0,1.0,800.0,800.0,299.940675533
12.359999999999825,0.0,0.0,208.858355192,0.0,0.0,0.0,0.0,0.0,13.8766361095,0.0,0.0,0.0,1.0,1.0,800.0,800.0,299.940425753
12.419999999999824,0.0,0.0,209.690953361,0.0,0.0,0.0,0.0,0.0,13.8766361885,0.0,0.0,0.0,1.0,1.0,800.0,800.0,299.940175974
12.479999999999823,0.0,0.0,210.523551534,0.0,0.0,0.0,0.0,0.0,13.8766362613,0.0,0.0,0.0,1.0,1.0,800.0,800.0,299.939926194
12.539999999999822,0.0,0.0,211.356149712,0.0,0.0,0.0,0.0,0.0,13.8766363283,0.0,0.0,0.0,1.0,1.0,800.0,800.0,299.939676415
12.59999999999982,0.0,0.0,212.188747893,0.0,0.0,0.0,0.0,0.0,13.8766363901,0.0,0.0,0.0,1.0,1.0,800.0,800.0,299.939426635
12.659999999999819,0.0,0.0,213.021346079,0.0,0.0,0.0,0.0,0.0,13.8766364469,0.0,0.0,0.0,1.0,1.0,800.0,800.0,299.939176856
12.719999999999818,0.0,0.0,213.853944267,0.0,0.0,0.0,0.0,0.0,13.8766364992,0.0,0.0,0.0,1.0,1.0,800.0,800.0,299.938927077
12.779999999999816,0.0,0.0,214.686542458,0.0,0.0,0.0,0.0,0.0,13.8766365474,0.0,0.0,0.0,1.0,1.0,800.0,800.0,299.938677297
12.839999999999815,0.0,0.0,215.519140653,0.0,0.0,0.0,0.0,0.0,13.8766365917,0.0,0.0,0.0,1.0,1.0,800.0,800.0,299.938427518
12.899999999999814,0.0,0.0,216.351738849,0.0,0.0,0.0,0.0,0.0,13.8766366325,0.0,0.0,0.0,1.0,1.0,800.0,800.0,299.938177738
12.959999999999813,0.0,0.0,217.184337048,0.0,0.0,0.0,0.0,0.0,13.8766366701,0.0,0.0,0.0,1.0,1.0,800.0,800.0,299.937927959
13.019999999999811,0.0,0.0,218.01693525,0.0,0.0,0.0,0.0,0.0,13.8766367048,0.0,0.0,0.0,1.0,1.0,800.0,800.0,299.937678179
13.07999999999981,0.0,0.0,218.849533453,0.0,0.0,0.0,0.0,0.0,13.8766367366,0.0,0.0,0.0,1.0,1.0,800.0,800.0,299.9374284
13.139999999999809,0.0,0.0,219.682131658,0.0,0.0,0.0,0.0,0.0,13.876636766,0.0,0.0,0.0,1.0,1.0,800.0,800.0,299.93717862
13.199999999999807,0.0,0.0,220.514729865,0.0,0.0,0.0,0.0,0.0,13.876636793,0.0,0.0,0.0,1.0,1.0,800.0,800.0,299.936928841
13.259999999999806,0.0,0.0,221.347328073,0.0,0.0,0.0,0.0,0.0,13.8766368179,0.0,0.0,0.0,1.0,1.0,800.0,800.0,299.936679061
13.319999999999805,0.0,0.0,222.179926283,0.0,0.0,0.0,0.0,0.0,13.8766368408,0.0,0.0,0.0,1.0,1.0,800.0,800.0,299.936429282
13.379999999999804,0.0,0.0,223.012524494,0.0,0.0,0.0,0.0,0.0,13.8766368619,0.0,0.0,0.0,1.0,1.0,800.0,800.0,299.936179502
13.439999999999802,0.0,0.0,223.845122706,0.0,0.0,0.0,0.0,0.0,13.8766368813,0.0,0.0,0.0,1.0,1.0,800.0,800.0,299.935929723
13.499999999999801,0.0,0.0,224.67772092,0.0,0.0,0.0,0.0,0.0,13.8766368992,0.0,0.0,0.0,1.0,1.0,800.0,800.0,299.935679944
13.5599999999998,0.0,0.0,225.510319134,0.0,0.0,0.0,0.0,0.0,13.8766369156,0.0,0.0,0.0,1.0,1.0,800.0,800.0,299.935430164
13.619999999999798,0.0,0.0,226.34291735,0.0,0.0,0.0,0.0,0.0,13.8766369308,0.0,0.0,0.0,1.0,1.0,800.0,800.0,299.935180385
13.679999999999797,0.0,0.0,227.175515566,0.0,0.0,0.0,0.0,0.0,13.8766369447,0.0,0.0,0.0,1.0,1.0,800.0,800.0,299.934930605
13.739999999999796,0.0,0.0,228.008113783,0.0,0.0,0.0,0.0,0.0,13.8766369576,0.0,0.0,0.0,1.0,1.0,800.0,800.0,299.934680826
13.799999999999795,0.0,0.0,228.840712001,0.0,0.0,0.0,0.0,0.0,13.8766369694,0.0,0.0,0.0,1.0,1.0,800.0,800.0,299.934431046
13.859999999999793,0.0,0.0,229.673310219,0.0,0.0,0.0,0.0,0.0,13.8766369803,0.0,0.0,0.0,1.0,1.0,800.0,800.0,299.934181267
13.919999999999792,0.0,0.0,230.505908438,0.0,0.0,0.0,0.0,0.0,13.8766369903,0.0,0.0,0.0,1.0,1.0,800.0,800.0,299.933931487
13.97999999999979,0.0,0.0,231.338506658,0.0,0.0,0.0,0.0,0.0,13.8766369996,0.0,0.0,0.0,1.0,1.0,800.0,800.0,299.933681708
14.03999999999979,0.0,0.0,232.171104878,0.0,0.0,0.0,0.0,0.0,13.8766370081,0.0,0.0,0.0,1.0,1.0,800.0,800.0,299.933431928
14.099999999999788,0.0,0.0,233.003703099,0.0,0.0,0.0,0.0,0.0,13.8766370159,0.0,0.0,0.0,1.0,1.0,800.0,800.0,299.933182149
14.159999999999787,0.0,0.0,233.83630132,0.0,0.0,0.0,0.0,0.0,13.8766370231,0.0,0.0,0.0,1.0,1.0,800.0,800.0,299.932932369
14.219999999999786,0.0,0.0,234.668899542,0.0,0.0,0.0,0.0,0.0,13.8766370297,0.0,0.0,0.0,1.0,1.0,800.0,800.0,299.93268259
14.279999999999784,0.0,0.0,235.501497764,0.0,0.0,0.0,0.0,0.0,13.8766370358,0.0,0.0,0.0,1.0,1.0,800.0,800.0,299.93243281
14.339999999999783,0.0,0.0,236.334095986,0.0,0.0,0.0,0.0,0.0,13.8766370415,0.0,0.0,0.0,1.0,1.0,800.0,800.0,299.932183031
14.399999999999782,0.0,0.0,237.166694209,0.0,0.0,0.0,0.0,0.0,13.8766370466,0.0,0.0,0.0,1.0,1.0,800.0,800.0,299.931933252
14.45999999999978,0.0,0.0,237.999292432,0.0,0.0,0.0,0.0,0.0,13.8766370514,0.0,0.0,0.0,1.0,1.0,800.0,800.0,299.931683472
14.51999999999978,0.0,0.0,238.831890655,0.0,0.0,0.0,0.0,0.0,13.8766370558,0.0,0.0,0.0,1.0,1.0,800.0,800.0,299.931433693
14.579999999999778,0.0,0.0,239.664488878,0.0,0.0,0.0,0.0,0.0,13.8766370599,0.0,0.0,0.0,1.0,1.0,800.0,800.0,299.931183913
14.639999999999777,0.0,0.0,240.497087102,0.0,0.0,0.0,0.0,0.0,13.8766370636,0.0,0.0,0.0,1.0,1.0,800.0,800.0,299.930934134
14.699999999999775,0.0,0.0,241.329685326,0.0,0.0,0.0,0.0,0.0,13.876637067,0.0,0.0,0.0,1.0,1.0,800.0,800.0,299.930684354
14.759999999999774,0.0,0.0,242.16228355,0.0,0.0,0.0,0.0,0.0,13.8766370702,0.0,0.0,0.0,1.0,1.0,800.0,800.0,299.930434575
14.819999999999773,0.0,0.0,242.994881774,0.0,0.0,0.0,0.0,0.0,13.8766370731,0.0,0.0,0.0,1.0,1.0,800.0,800.0,299.930184795
14.879999999999772,0.0,0.0,243.827479999,0.0,0.0,0.0,0.0,0.0,13.8766370757,0.0,0.0,0.0,1.0,1.0,800.0,800.0,299.929935016
14.93999999999977,0.0,0.0,244.660078223,0.0,0.0,0.0,0.0,0.0,13.8766370782,0.0,0.0,0.0,1.0,1.0,800.0,800.0,299.929685236
14.999999999999769,0.0,0.0,245.492676448,0.0,0.0,0.0,0.0,0.0,13.8766370805,0.0,0.0,0.0,1.0,1.0,800.0,800.0,299.929435457
15.059999999999768,0.0,0.0,246.325274673,0.0,0.0,0.0,0.0,0.0,13.8766370826,0.0,0.0,0.0,1.0,1.0,800.0,800.0,299.929185677
15.119999999999767,0.0,0.0,247.157872898,0.0,0.0,0.0,0.0,0.0,13.8766370845,0.0,0.0,0.0,1.0,1.0,800.0,800.0,299.928935898
15.179999999999765,0.0,0.0,247.990471123,0.0,0.0,0.0,0.0,0.0,13.8766370862,0.0,0.0,0.0,1.0,1.0,800.0,800.0,299.928686118
15.239999999999764,0.0,0.0,248.823069348,0.0,0.0,0.0,0.0,0.0,13.8766370879,0.0,0.0,0.0,1.0,1.0,800.0,800.0,299.928436339
15.299999999999763,0.0,0.0,249.655667574,0.0,0.0,0.0,0.0,0.0,13.8766370894,0.0,0.0,0.0,1.0,1.0,800.0,800.0,299.92818656
15.359999999999761,0.0,0.0,250.488265799,0.0,0.0,0.0,0.0,0.0,13.8766370908,0.0,0.0,0.0,1.0,1.0,800.0,800.0,299.92793678
15.41999999999976,0.0,0.0,251.320864025,0.0,0.0,0.0,0.0,0.0,13.876637092,0.0,0.0,0.0,1.0,1.0,800.0,800.0,299.927687001
15.479999999999759,0.0,0.0,252.15346225,0.0,0.0,0.0,0.0,0.0,13.8766370932,0.0,0.0,0.0,1.0,1.0,800.0,800.0,299.927437221
15.539999999999758,0.0,0.0,252.986060476,0.0,0.0,0.0,0.0,0.0,13.8766370943,0.0,0.0,0.0,1.0,1.0,800.0,800.0,299.927187442
15.599999999999756,0.0,0.0,253.818658702,0.0,0.0,0.0,0.0,0.0,13.8766370953,0.0,0.0,0.0,1.0,1.0,800.0,800.0,299.926937662
15.659999999999755,0.0,0.0,254.651256927,0.0,0.0,0.0,0.0,0.0,13.8766370962,0.0,0.0,0.0,1.0,1.0,800.0,800.0,299.926687883
15.719999999999754,0.0,0.0,255.483855153,0.0,0.0,0.0,0.0,0.0,13.876637097,0.0,0.0,0.0,1.0,1.0,800.0,800.0,299.926438103
15.779999999999752,0.0,0.0,256.316453379,0.0,0.0,0.0,0.0,0.0,13.8766370978,0.0,0.0,0.0,1.0,1.0,800.0,800.0,299.926188324
15.839999999999751,0.0,0.0,257.149051605,0.0,0.0,0.0,0.0,0.0,13.8766370985,0.0,0.0,0.0,1.0,1.0,800.0,800.0,299.925938544
15.89999999999975,0.0,0.0,257.981649831,0.0,0.0,0.0,0.0,0.0,13.8766370992,0.0,0.0,0.0,1.0,1.0,800.0,800.0,299.925688765
15.959999999999749,0.0,0.0,258.814248057,0.0,0.0,0.0,0.0,0.0,13.8766370998,0.0,0.0,0.0,1.0,1.0,800.0,800.0,299.925438985
16.019999999999747,0.0,0.0,259.646846283,0.0,0.0,0.0,0.0,0.0,13.8766371003,0.0,0.0,0.0,1.0,1.0,800.0,800.0,299.925189206
16.079999999999746,0.0,0.0,260.479444509,0.0,0.0,0.0,0.0,0.0,13.8766371009,0.0,0.0,0.0,1.0,1.0,800.0,800.0,299.924939426
16.139999999999745,0.0,0.0,261.312042735,0.0,0.0,0.0,0.0,0.0,13.8766371013,0.0,0.0,0.0,1.0,1.0,800.0,800.0,299.924689647
16.199999999999743,0.0,0.0,262.144640961,0.0,0.0,0.0,0.0,0.0,13.8766371018,0.0,0.0,0.0,1.0,1.0,800.0,800.0,299.924439868
16.259999999999742,0.0,0.0,262.977239187,0.0,0.0,0.0,0.0,0.0,13.8766371022,0.0,0.0,0.0,1.0,1.0,800.0,800.0,299.924190088
16.31999999999974,0.0,0.0,263.809837413,0.0,0.0,0.0,0.0,0.0,13.8766371025,0.0,0.0,0.0,1.0,1.0,800.0,800.0,299.923940309
16.37999999999974,0.0,0.0,264.642435639,0.0,0.0,0.0,0.0,0.0,13.8766371029,0.0,0.0,0.0,1.0,1.0,800.0,800.0,299.923690529
16.43999999999974,0.0,0.0,265.475033865,0.0,0.0,0.0,0.0,0.0,13.8766371032,0.0,0.0,0.0,1.0,1.0,800.0,800.0,299.92344075
16.499999999999737,0.0,0.0,266.307632092,0.0,0.0,0.0,0.0,0.0,13.8766371035,0.0,0.0,0.0,1.0,1.0,800.0,800.0,299.92319097
16.559999999999736,0.0,0.0,267.140230318,0.0,0.0,0.0,0.0,0.0,13.8766371037,0.0,0.0,0.0,1.0,1.0,800.0,800.0,299.922941191
16.619999999999735,0.0,0.0,267.972828544,0.0,0.0,0.0,0.0,0.0,13.876637104,0.0,0.0,0.0,1.0,1.0,800.0,800.0,299.922691411
16.679999999999733,0.0,0.0,268.80542677,0.0,0.0,0.0,0.0,0.0,13.8766371042,0.0,0.0,0.0,1.0,1.0,800.0,800.0,299.922441632
16.739999999999732,0.0,0.0,269.638024997,0.0,0.0,0.0,0.0,0.0,13.8766371044,0.0,0.0,0.0,1.0,1.0,800.0,800.0,299.922191852
16.79999999999973,0.0,0.0,270.470623223,0.0,0.0,0.0,0.0,0.0,13.8766371046,0.0,0.0,0.0,1.0,1.0,800.0,800.0,299.921942073
16.85999999999973,0.0,0.0,271.303221449,0.0,0.0,0.0,0.0,0.0,13.8766371048,0.0,0.0,0.0,1.0,1.0,800.0,800.0,299.921692293
16.919999999999728,0.0,0.0,272.135819675,0.0,0.0,0.0,0.0,0.0,13.8766371049,0.0,0.0,0.0,1.0,1.0,800.0,800.0,299.921442514
16.979999999999727,0.0,0.0,272.968417902,0.0,0.0,0.0,0.0,0.0,13.8766371051,0.0,0.0,0.0,1.0,1.0,800.0,800.0,299.921192734
17.039999999999726,0.0,0.0,273.801016128,0.0,0.0,0.0,0.0,0.0,13.8766371052,0.0,0.0,0.0,1.0,1.0,800.0,800.0,299.920942955
17.099999999999724,0.0,0.0,274.633614354,0.0,0.0,0.0,0.0,0.0,13.8766371053,0.0,0.0,0.0,1.0,1.0,800.0,800.0,299.920693176
17.159999999999723,0.0,0.0,275.466212581,0.0,0.0,0.0,0.0,0.0,13.8766371055,0.0,0.0,0.0,1.0,1.0,800.0,800.0,299.920443396
17.21999999999972,0.0,0.0,276.298810807,0.0,0.0,0.0,0.0,0.0,13.8766371056,0.0,0.0,0.0,1.0,1.0,800.0,800.0,299.920193617
17.27999999999972,0.0,0.0,277.131409033,0.0,0.0,0.0,0.0,0.0,13.8766371057,0.0,0.0,0.0,1.0,1.0,800.0,800.0,299.919943837
17.33999999999972,0.0,0.0,277.96400726,0.0,0.0,0.0,0.0,0.0,13.8766371058,0.0,0.0,0.0,1.0,1.0,800.0,800.0,299.919694058
17.399999999999718,0.0,0.0,278.796605486,0.0,0.0,0.0,0.0,0.0,13.8766371058,0.0,0.0,0.0,1.0,1.0,800.0,800.0,299.919444278
17.459999999999717,0.0,0.0,279.629203712,0.0,0.0,0.0,0.0,0.0,13.8766371059,0.0,0.0,0.0,1.0,1.0,800.0,800.0,299.919194499
17.519999999999715,0.0,0.0,280.461801939,0.0,0.0,0.0,0.0,0.0,13.876637106,0.0,0.0,0.0,1.0,1.0,800.0,800.0,299.918944719
17.579999999999714,0.0,0.0,281.294400165,0.0,0.0,0.0,0.0,0.0,13.8766371061,0.0,0.0,0.0,1.0,1.0,800.0,800.0,299.91869494
17.639999999999713,0.0,0.0,282.126998392,0.0,0.0,0.0,0.0,0.0,13.8766371061,0.0,0.0,0.0,1.0,1.0,800.0,800.0,299.91844516
17.69999999999971,0.0,0.0,282.959596618,0.0,0.0,0.0,0.0,0.0,13.8766371062,0.0,0.0,0.0,1.0,1.0,800.0,800.0,299.918195381
17.75999999999971,0.0,0.0,283.792194844,0.0,0.0,0.0,0.0,0.0,13.8766371062,0.0,0.0,0.0,1.0,1.0,800.0,800.0,299.917945601
17.81999999999971,0.0,0.0,284.624793071,0.0,0.0,0.0,0.0,0.0,13.8766371063,0.0,0.0,0.0,1.0,1.0,800.0,800.0,299.917695822
17.879999999999708,0.0,0.0,285.457391297,0.0,0.0,0.0,0.0,0.0,13.8766371063,0.0,0.0,0.0,1.0,1.0,800.0,800.0,299.917446042
17.939999999999706,0.0,0.0,286.289989523,0.0,0.0,0.0,0.0,0.0,13.8766371063,0.0,0.0,0.0,1.0,1.0,800.0,800.0,299.917196263
17.999999999999705,0.0,0.0,287.12258775,0.0,0.0,0.0,0.0,0.0,13.8766371064,0.0,0.0,0.0,1.0,1.0,800.0,800.0,299.916946483
18.059999999999704,0.0,0.0,287.955185976,0.0,0.0,0.0,0.0,0.0,13.8766371064,0.0,0.0,0.0,1.0,1.0,800.0,800.0,299.916696704
18.119999999999703,0.0,0.0,288.787784203,0.0,0.0,0.0,0.0,0.0,13.8766371064,0.0,0.0,0.0,1.0,1.0,800.0,800.0,299.916446925
18.1799999999997,0.0,0.0,289.620382429,0.0,0.0,0.0,0.0,0.0,13.8766371065,0.0,0.0,0.0,1.0,1.0,800.0,800.0,299.916197145
18.2399999999997,0.0,0.0,290.452980655,0.0,0.0,0.0,0.0,0.0,13.8766371065,0.0,0.0,0.0,1.0,1.0,800.0,800.0,299.915947366
18.2999999999997,0.0,0.0,291.285578882,0.0,0.0,0.0,0.0,0.0,13.8766371065,0.0,0.0,0.0,1.0,1.0,800.0,800.0,299.915697586
18.359999999999697,0.0,0.0,292.118177108,0.0,0.0,0.0,0.0,0.0,13.8766371066,0.0,0.0,0.0,1.0,1.0,800.0,800.0,299.915447807
18.419999999999696,0.0,0.0,292.950775334,0.0,0.0,0.0,0.0,0.0,13.8766371066,0.0,0.0,0.0,1.0,1.0,800.0,800.0,299.915198027
18.479999999999695,0.0,0.0,293.783373561,0.0,0.0,0.0,0.0,0.0,13.8766371066,0.0,0.0,0.0,1.0,1.0,800.0,800.0,299.914948248
18.539999999999694,0.0,0.0,294.615971787,0.0,0.0,0.0,0.0,0.0,13.8766371066,0.0,0.0,0.0,1.0,1.0,800.0,800.0,299.914698468
18.599999999999692,0.0,0.0,295.448570014,0.0,0.0,0.0,0.0,0.0,13.8766371066,0.0,0.0,0.0,1.0,1.0,800.0,800.0,299.914448689
18.65999999999969,0.0,0.0,296.28116824,0.0,0.0,0.0,0.0,0.0,13.8766371066,0.0,0.0,0.0,1.0,1.0,800.0,800.0,299.914198909
18.71999999999969,0.0,0.0,297.113766466,0.0,0.0,0.0,0.0,0.0,13.8766371067,0.0,0.0,0.0,1.0,1.0,800.0,800.0,299.91394913
18.77999999999969,0.0,0.0,297.946364693,0.0,0.0,0.0,0.0,0.0,13.8766371067,0.0,0.0,0.0,1.0,1.0,800.0,800.0,299.91369935
18.839999999999687,0.0,0.0,298.778962919,0.0,0.0,0.0,0.0,0.0,13.8766371067,0.0,0.0,0.0,1.0,1.0,800.0,800.0,299.913449571
18.899999999999686,0.0,0.0,299.611561146,0.0,0.0,0.0,0.0,0.0,13.8766371067,0.0,0.0,0.0,1.0,1.0,800.0,800.0,299.913199791
18.959999999999685,0.0,0.0,300.0,0.0,0.0,0.0,0.0,0.0,13.8766371067,0.0,0.0,0.0,1.0,1.0,800.0,800.0,299.913011091
